ZNF484	2	0.00586510263929619	0.586510263929619
INPP4B	2	0.00586510263929619	0.586510263929619
REL	1	0.00293255131964809	0.293255131964809
MYH13	3	0.00879765395894428	0.879765395894428
PRODH2	2	0.00586510263929619	0.586510263929619
RBPJL	2	0.00586510263929619	0.586510263929619
BRD3	3	0.00879765395894428	0.879765395894428
FBN3	5	0.0146627565982405	1.46627565982405
GPR50	2	0.00586510263929619	0.586510263929619
MGA	1	0.00293255131964809	0.293255131964809
DDX6	1	0.00293255131964809	0.293255131964809
JAK2	1	0.00293255131964809	0.293255131964809
PRSS35	2	0.00586510263929619	0.586510263929619
LMF2	2	0.00586510263929619	0.586510263929619
OR4C6	2	0.00586510263929619	0.586510263929619
RET	3	0.00879765395894428	0.879765395894428
OR11H6	2	0.00586510263929619	0.586510263929619
TDG	3	0.00879765395894428	0.879765395894428
NAV3	4	0.0117302052785924	1.17302052785924
EPHA5	3	0.00879765395894428	0.879765395894428
INSRR	3	0.00879765395894428	0.879765395894428
WT1	1	0.00293255131964809	0.293255131964809
ABHD6	4	0.0117302052785924	1.17302052785924
SNRPB	3	0.00879765395894428	0.879765395894428
ESCO2	2	0.00586510263929619	0.586510263929619
VEGFC	1	0.00293255131964809	0.293255131964809
LEO1	2	0.00586510263929619	0.586510263929619
EPS8L3	4	0.0117302052785924	1.17302052785924
ELMO3	2	0.00586510263929619	0.586510263929619
NLRP7	2	0.00586510263929619	0.586510263929619
DBH	2	0.00586510263929619	0.586510263929619
FANCI	1	0.00293255131964809	0.293255131964809
IP6K3	2	0.00586510263929619	0.586510263929619
DDX4	2	0.00586510263929619	0.586510263929619
ARNT	7	0.0205278592375367	2.05278592375367
MAPK1	1	0.00293255131964809	0.293255131964809
KIF2B	4	0.0117302052785924	1.17302052785924
ACTL7B	2	0.00586510263929619	0.586510263929619
GIMAP8	3	0.00879765395894428	0.879765395894428
FOXN1	2	0.00586510263929619	0.586510263929619
FSTL5	5	0.0146627565982405	1.46627565982405
EFCAB3	2	0.00586510263929619	0.586510263929619
CRLF2	1	0.00293255131964809	0.293255131964809
CHST9	2	0.00586510263929619	0.586510263929619
SPIC	2	0.00586510263929619	0.586510263929619
ASPM	6	0.0175953079178886	1.75953079178886
TYK2	3	0.00879765395894428	0.879765395894428
VAMP5	2	0.00586510263929619	0.586510263929619
SPATA2	2	0.00586510263929619	0.586510263929619
ZNF155	2	0.00586510263929619	0.586510263929619
SPANXD	3	0.00879765395894428	0.879765395894428
PIK3CA	29	0.0850439882697947	8.50439882697947
ZNF138	2	0.00586510263929619	0.586510263929619
HLA-DPB1	2	0.00586510263929619	0.586510263929619
ZW10	3	0.00879765395894428	0.879765395894428
CRTC3	2	0.00586510263929619	0.586510263929619
CTNND2	4	0.0117302052785924	1.17302052785924
HEMGN	2	0.00586510263929619	0.586510263929619
IL21R	1	0.00293255131964809	0.293255131964809
PLVAP	2	0.00586510263929619	0.586510263929619
OR5H14	2	0.00586510263929619	0.586510263929619
SETD1A	4	0.0117302052785924	1.17302052785924
ASXL1	1	0.00293255131964809	0.293255131964809
NLRP11	2	0.00586510263929619	0.586510263929619
GDI1	2	0.00586510263929619	0.586510263929619
LRRC39	1	0.00293255131964809	0.293255131964809
POU2AF1	2	0.00586510263929619	0.586510263929619
MLLT3	1	0.00293255131964809	0.293255131964809
RSPH14	2	0.00586510263929619	0.586510263929619
PCM1	1	0.00293255131964809	0.293255131964809
ANGPTL6	1	0.00293255131964809	0.293255131964809
BCL2L11	1	0.00293255131964809	0.293255131964809
POLRMT	2	0.00586510263929619	0.586510263929619
PLEKHG6	2	0.00586510263929619	0.586510263929619
CALR	1	0.00293255131964809	0.293255131964809
PDK1	1	0.00293255131964809	0.293255131964809
APOH	2	0.00586510263929619	0.586510263929619
PLXDC2	2	0.00586510263929619	0.586510263929619
MUC2	6	0.0175953079178886	1.75953079178886
SCARA3	3	0.00879765395894428	0.879765395894428
MEN1	1	0.00293255131964809	0.293255131964809
DDIT3	1	0.00293255131964809	0.293255131964809
TOX	1	0.00293255131964809	0.293255131964809
MTERF3	2	0.00586510263929619	0.586510263929619
HIF1A	2	0.00586510263929619	0.586510263929619
TRIM7	1	0.00293255131964809	0.293255131964809
ATAD3A	3	0.00879765395894428	0.879765395894428
SUGCT	3	0.00879765395894428	0.879765395894428
PRDM2	4	0.0117302052785924	1.17302052785924
KCNK6	2	0.00586510263929619	0.586510263929619
FAM109B	2	0.00586510263929619	0.586510263929619
EPHB6	1	0.00293255131964809	0.293255131964809
FAM47B	5	0.0146627565982405	1.46627565982405
ZNF560	2	0.00586510263929619	0.586510263929619
PSTPIP1	3	0.00879765395894428	0.879765395894428
RUSC2	3	0.00879765395894428	0.879765395894428
KRT23	2	0.00586510263929619	0.586510263929619
CCT7	4	0.0117302052785924	1.17302052785924
PHKG1	2	0.00586510263929619	0.586510263929619
MAGEA6	2	0.00586510263929619	0.586510263929619
ABL1	3	0.00879765395894428	0.879765395894428
POLR1E	1	0.00293255131964809	0.293255131964809
LHFPL1	1	0.00293255131964809	0.293255131964809
LATS2	4	0.0117302052785924	1.17302052785924
DYX1C1	1	0.00293255131964809	0.293255131964809
HOXA11	2	0.00586510263929619	0.586510263929619
NRAS	1	0.00293255131964809	0.293255131964809
MSI2	1	0.00293255131964809	0.293255131964809
CHUK	1	0.00293255131964809	0.293255131964809
NOB1	3	0.00879765395894428	0.879765395894428
SIGLEC6	2	0.00586510263929619	0.586510263929619
MRPS18B	2	0.00586510263929619	0.586510263929619
DOCK2	1	0.00293255131964809	0.293255131964809
ECT2L	2	0.00586510263929619	0.586510263929619
MSH3	1	0.00293255131964809	0.293255131964809
ERBB4	4	0.0117302052785924	1.17302052785924
RFX7	5	0.0146627565982405	1.46627565982405
PTPN11	5	0.0146627565982405	1.46627565982405
DDR1	6	0.0175953079178886	1.75953079178886
COL7A1	3	0.00879765395894428	0.879765395894428
CHRM1	2	0.00586510263929619	0.586510263929619
PDE6C	3	0.00879765395894428	0.879765395894428
OR52E8	2	0.00586510263929619	0.586510263929619
TCHH	6	0.0175953079178886	1.75953079178886
DYNC1I1	2	0.00586510263929619	0.586510263929619
HIST1H2AH	2	0.00586510263929619	0.586510263929619
NOTCH3	6	0.0175953079178886	1.75953079178886
MAML2	1	0.00293255131964809	0.293255131964809
CDC16	4	0.0117302052785924	1.17302052785924
ADGRF5	4	0.0117302052785924	1.17302052785924
MTFMT	2	0.00586510263929619	0.586510263929619
TSSK3	2	0.00586510263929619	0.586510263929619
OR52M1	2	0.00586510263929619	0.586510263929619
UPF2	3	0.00879765395894428	0.879765395894428
CUL4B	3	0.00879765395894428	0.879765395894428
NTRK3	2	0.00586510263929619	0.586510263929619
GATA2	1	0.00293255131964809	0.293255131964809
CES3	1	0.00293255131964809	0.293255131964809
RSPO2	1	0.00293255131964809	0.293255131964809
EXT1	2	0.00586510263929619	0.586510263929619
WHSC1	3	0.00879765395894428	0.879765395894428
INTS5	3	0.00879765395894428	0.879765395894428
ALDH3A1	2	0.00586510263929619	0.586510263929619
PARP1	2	0.00586510263929619	0.586510263929619
AK7	4	0.0117302052785924	1.17302052785924
CREBZF	1	0.00293255131964809	0.293255131964809
SETD2	3	0.00879765395894428	0.879765395894428
ZNF543	2	0.00586510263929619	0.586510263929619
F5	4	0.0117302052785924	1.17302052785924
WIF1	2	0.00586510263929619	0.586510263929619
NCKIPSD	1	0.00293255131964809	0.293255131964809
ZNF215	2	0.00586510263929619	0.586510263929619
MUC7	3	0.00879765395894428	0.879765395894428
ELF3	1	0.00293255131964809	0.293255131964809
ERCC2	1	0.00293255131964809	0.293255131964809
SERPINE1	2	0.00586510263929619	0.586510263929619
UNC45A	3	0.00879765395894428	0.879765395894428
UGT2B11	3	0.00879765395894428	0.879765395894428
OR1D2	2	0.00586510263929619	0.586510263929619
WWOX	1	0.00293255131964809	0.293255131964809
PLCG1	4	0.0117302052785924	1.17302052785924
ATM	4	0.0117302052785924	1.17302052785924
PRAMEF2	2	0.00586510263929619	0.586510263929619
ALDH4A1	2	0.00586510263929619	0.586510263929619
YES1	3	0.00879765395894428	0.879765395894428
DGAT2L6	4	0.0117302052785924	1.17302052785924
CFHR5	2	0.00586510263929619	0.586510263929619
FRG1	1	0.00293255131964809	0.293255131964809
KRI1	2	0.00586510263929619	0.586510263929619
OTX2	2	0.00586510263929619	0.586510263929619
MUC17	7	0.0205278592375367	2.05278592375367
CRTC1	2	0.00586510263929619	0.586510263929619
OR8K1	3	0.00879765395894428	0.879765395894428
ETS1	2	0.00586510263929619	0.586510263929619
CDK12	4	0.0117302052785924	1.17302052785924
SLC6A18	2	0.00586510263929619	0.586510263929619
NUMA1	4	0.0117302052785924	1.17302052785924
MUSK	2	0.00586510263929619	0.586510263929619
NAT2	2	0.00586510263929619	0.586510263929619
CWF19L2	2	0.00586510263929619	0.586510263929619
PDGFRA	5	0.0146627565982405	1.46627565982405
HIST1H1C	1	0.00293255131964809	0.293255131964809
TRPC7	2	0.00586510263929619	0.586510263929619
ZNF467	1	0.00293255131964809	0.293255131964809
VRK1	2	0.00586510263929619	0.586510263929619
HAVCR1	2	0.00586510263929619	0.586510263929619
TRIOBP	3	0.00879765395894428	0.879765395894428
SASH3	2	0.00586510263929619	0.586510263929619
GAGE2D	4	0.0117302052785924	1.17302052785924
CBLB	2	0.00586510263929619	0.586510263929619
USP35	3	0.00879765395894428	0.879765395894428
DVL1	2	0.00586510263929619	0.586510263929619
KRT83	2	0.00586510263929619	0.586510263929619
C7ORF57	2	0.00586510263929619	0.586510263929619
LY6G6D	2	0.00586510263929619	0.586510263929619
ASXL3	4	0.0117302052785924	1.17302052785924
CDKN1B	2	0.00586510263929619	0.586510263929619
BRIP1	5	0.0146627565982405	1.46627565982405
PIK3CG	3	0.00879765395894428	0.879765395894428
PIK3R1	15	0.0439882697947214	4.39882697947214
SH2D1A	1	0.00293255131964809	0.293255131964809
DQX1	2	0.00586510263929619	0.586510263929619
PTCH1	2	0.00586510263929619	0.586510263929619
DDB2	1	0.00293255131964809	0.293255131964809
SEC14L4	2	0.00586510263929619	0.586510263929619
CTNNA1	1	0.00293255131964809	0.293255131964809
HEATR3	1	0.00293255131964809	0.293255131964809
AATK	4	0.0117302052785924	1.17302052785924
TUBAL3	1	0.00293255131964809	0.293255131964809
WDR63	3	0.00879765395894428	0.879765395894428
CCNB1IP1	2	0.00586510263929619	0.586510263929619
HSPA1A	2	0.00586510263929619	0.586510263929619
FUBP1	25	0.0733137829912024	7.33137829912024
CSF3R	1	0.00293255131964809	0.293255131964809
OR4A16	3	0.00879765395894428	0.879765395894428
IL23R	3	0.00879765395894428	0.879765395894428
OR5D14	7	0.0205278592375367	2.05278592375367
PAX4	3	0.00879765395894428	0.879765395894428
FZD10	2	0.00586510263929619	0.586510263929619
CD22	3	0.00879765395894428	0.879765395894428
ABCD1	3	0.00879765395894428	0.879765395894428
KIF25	4	0.0117302052785924	1.17302052785924
COL3A1	3	0.00879765395894428	0.879765395894428
PCBP1	2	0.00586510263929619	0.586510263929619
C16ORF45	2	0.00586510263929619	0.586510263929619
DMD	5	0.0146627565982405	1.46627565982405
IGHMBP2	4	0.0117302052785924	1.17302052785924
GIGYF1	4	0.0117302052785924	1.17302052785924
PDPK1	1	0.00293255131964809	0.293255131964809
MAP7	3	0.00879765395894428	0.879765395894428
PLK3	2	0.00586510263929619	0.586510263929619
AARS2	1	0.00293255131964809	0.293255131964809
CFAP47	3	0.00879765395894428	0.879765395894428
ANXA9	2	0.00586510263929619	0.586510263929619
DCAF8L1	2	0.00586510263929619	0.586510263929619
POLD1	2	0.00586510263929619	0.586510263929619
VTCN1	1	0.00293255131964809	0.293255131964809
PKHD1	8	0.0234604105571848	2.34604105571848
TNFAIP3	1	0.00293255131964809	0.293255131964809
FRMD7	2	0.00586510263929619	0.586510263929619
OR2Z1	2	0.00586510263929619	0.586510263929619
TSHZ2	4	0.0117302052785924	1.17302052785924
KREMEN2	2	0.00586510263929619	0.586510263929619
EYA2	3	0.00879765395894428	0.879765395894428
PRKAA2	1	0.00293255131964809	0.293255131964809
COIL	3	0.00879765395894428	0.879765395894428
LRRC3	3	0.00879765395894428	0.879765395894428
TBC1D25	3	0.00879765395894428	0.879765395894428
EPHA6	3	0.00879765395894428	0.879765395894428
EEF1G	2	0.00586510263929619	0.586510263929619
PDE4DIP	2	0.00586510263929619	0.586510263929619
PROL1	3	0.00879765395894428	0.879765395894428
COL12A1	7	0.0205278592375367	2.05278592375367
EPHA7	3	0.00879765395894428	0.879765395894428
OR14J1	2	0.00586510263929619	0.586510263929619
GNAI1	2	0.00586510263929619	0.586510263929619
MDM4	2	0.00586510263929619	0.586510263929619
RING1	2	0.00586510263929619	0.586510263929619
CDK6	2	0.00586510263929619	0.586510263929619
MAGED2	1	0.00293255131964809	0.293255131964809
CD19	2	0.00586510263929619	0.586510263929619
FFAR2	2	0.00586510263929619	0.586510263929619
KCNJ5	1	0.00293255131964809	0.293255131964809
DSG1	2	0.00586510263929619	0.586510263929619
TRIM50	2	0.00586510263929619	0.586510263929619
LAMA2	4	0.0117302052785924	1.17302052785924
SERPINB7	3	0.00879765395894428	0.879765395894428
NTN3	1	0.00293255131964809	0.293255131964809
POT1	2	0.00586510263929619	0.586510263929619
CCT6B	1	0.00293255131964809	0.293255131964809
PRSS1	3	0.00879765395894428	0.879765395894428
MSTN	2	0.00586510263929619	0.586510263929619
ACLY	2	0.00586510263929619	0.586510263929619
TMEM63B	5	0.0146627565982405	1.46627565982405
GRIA3	3	0.00879765395894428	0.879765395894428
RBM15	2	0.00586510263929619	0.586510263929619
XKR9	2	0.00586510263929619	0.586510263929619
COL1A1	3	0.00879765395894428	0.879765395894428
TELO2	2	0.00586510263929619	0.586510263929619
TYR	2	0.00586510263929619	0.586510263929619
FAM220A	2	0.00586510263929619	0.586510263929619
SPATA5	3	0.00879765395894428	0.879765395894428
RFWD2	2	0.00586510263929619	0.586510263929619
NPM1	1	0.00293255131964809	0.293255131964809
ZER1	2	0.00586510263929619	0.586510263929619
OR6N2	2	0.00586510263929619	0.586510263929619
FANCB	2	0.00586510263929619	0.586510263929619
XG	2	0.00586510263929619	0.586510263929619
RORB	3	0.00879765395894428	0.879765395894428
EIF1AX	3	0.00879765395894428	0.879765395894428
STAT3	2	0.00586510263929619	0.586510263929619
BAG3	2	0.00586510263929619	0.586510263929619
PRCP	2	0.00586510263929619	0.586510263929619
CAD	4	0.0117302052785924	1.17302052785924
CLEC9A	3	0.00879765395894428	0.879765395894428
OR5T3	2	0.00586510263929619	0.586510263929619
PCDHGC5	3	0.00879765395894428	0.879765395894428
USH1G	2	0.00586510263929619	0.586510263929619
FANCC	1	0.00293255131964809	0.293255131964809
CLEC4M	2	0.00586510263929619	0.586510263929619
AKAP8	2	0.00586510263929619	0.586510263929619
ALPP	5	0.0146627565982405	1.46627565982405
WDR1	5	0.0146627565982405	1.46627565982405
ICK	1	0.00293255131964809	0.293255131964809
ARL4A	2	0.00586510263929619	0.586510263929619
ISLR	2	0.00586510263929619	0.586510263929619
LRRC16B	5	0.0146627565982405	1.46627565982405
SPP1	4	0.0117302052785924	1.17302052785924
IL6ST	1	0.00293255131964809	0.293255131964809
EPHB4	2	0.00586510263929619	0.586510263929619
HPN	2	0.00586510263929619	0.586510263929619
EPCAM	1	0.00293255131964809	0.293255131964809
FERMT3	4	0.0117302052785924	1.17302052785924
PTGDR2	3	0.00879765395894428	0.879765395894428
TFPT	2	0.00586510263929619	0.586510263929619
H3F3C	1	0.00293255131964809	0.293255131964809
POLE	4	0.0117302052785924	1.17302052785924
RBM45	3	0.00879765395894428	0.879765395894428
CR2	6	0.0175953079178886	1.75953079178886
MAGI2	4	0.0117302052785924	1.17302052785924
CYP3A4	2	0.00586510263929619	0.586510263929619
ACTRT3	2	0.00586510263929619	0.586510263929619
AKAP4	4	0.0117302052785924	1.17302052785924
ATR	4	0.0117302052785924	1.17302052785924
TFAP2D	2	0.00586510263929619	0.586510263929619
OR2T4	2	0.00586510263929619	0.586510263929619
YIPF1	2	0.00586510263929619	0.586510263929619
ZNF585B	2	0.00586510263929619	0.586510263929619
FBXL5	3	0.00879765395894428	0.879765395894428
CFH	4	0.0117302052785924	1.17302052785924
MATN3	2	0.00586510263929619	0.586510263929619
NAALADL1	2	0.00586510263929619	0.586510263929619
ABCA9	2	0.00586510263929619	0.586510263929619
SLC45A3	1	0.00293255131964809	0.293255131964809
CUL3	1	0.00293255131964809	0.293255131964809
PTER	2	0.00586510263929619	0.586510263929619
SERPINB12	3	0.00879765395894428	0.879765395894428
AURKA	1	0.00293255131964809	0.293255131964809
ROS1	4	0.0117302052785924	1.17302052785924
EXT2	2	0.00586510263929619	0.586510263929619
TRIM33	3	0.00879765395894428	0.879765395894428
LATS1	1	0.00293255131964809	0.293255131964809
HIST1H3C	1	0.00293255131964809	0.293255131964809
STAT4	2	0.00586510263929619	0.586510263929619
EGFL7	1	0.00293255131964809	0.293255131964809
SPP2	2	0.00586510263929619	0.586510263929619
TAAR9	2	0.00586510263929619	0.586510263929619
GPS2	1	0.00293255131964809	0.293255131964809
SPHKAP	7	0.0205278592375367	2.05278592375367
ZNF845	2	0.00586510263929619	0.586510263929619
MLLT10	1	0.00293255131964809	0.293255131964809
SPATC1	2	0.00586510263929619	0.586510263929619
GATA1	1	0.00293255131964809	0.293255131964809
KL	2	0.00586510263929619	0.586510263929619
GRM4	3	0.00879765395894428	0.879765395894428
ELP4	1	0.00293255131964809	0.293255131964809
FANCG	1	0.00293255131964809	0.293255131964809
OR6K2	2	0.00586510263929619	0.586510263929619
RNF213	4	0.0117302052785924	1.17302052785924
NSD1	1	0.00293255131964809	0.293255131964809
PER1	2	0.00586510263929619	0.586510263929619
CRNN	2	0.00586510263929619	0.586510263929619
C17ORF47	2	0.00586510263929619	0.586510263929619
SRBD1	4	0.0117302052785924	1.17302052785924
ACP6	2	0.00586510263929619	0.586510263929619
KDM5A	2	0.00586510263929619	0.586510263929619
DNM2	1	0.00293255131964809	0.293255131964809
TSSK1B	2	0.00586510263929619	0.586510263929619
DNMT3A	5	0.0146627565982405	1.46627565982405
KAT6B	9	0.0263929618768328	2.63929618768328
HEATR5B	5	0.0146627565982405	1.46627565982405
BCL9	1	0.00293255131964809	0.293255131964809
EZH2	1	0.00293255131964809	0.293255131964809
IRS2	1	0.00293255131964809	0.293255131964809
CHST5	2	0.00586510263929619	0.586510263929619
ASNA1	1	0.00293255131964809	0.293255131964809
ATP1A2	3	0.00879765395894428	0.879765395894428
MDH1B	3	0.00879765395894428	0.879765395894428
LILRB2	3	0.00879765395894428	0.879765395894428
NR3C1	2	0.00586510263929619	0.586510263929619
GGT1	2	0.00586510263929619	0.586510263929619
FANCA	1	0.00293255131964809	0.293255131964809
MEF2C	1	0.00293255131964809	0.293255131964809
ATP6V1B1	2	0.00586510263929619	0.586510263929619
CCDC27	2	0.00586510263929619	0.586510263929619
PGBD1	3	0.00879765395894428	0.879765395894428
CASR	2	0.00586510263929619	0.586510263929619
ANO9	3	0.00879765395894428	0.879765395894428
OTOP1	4	0.0117302052785924	1.17302052785924
TJP3	5	0.0146627565982405	1.46627565982405
TFG	1	0.00293255131964809	0.293255131964809
OR10G9	2	0.00586510263929619	0.586510263929619
ERC1	2	0.00586510263929619	0.586510263929619
ABCB10	2	0.00586510263929619	0.586510263929619
SMAD4	2	0.00586510263929619	0.586510263929619
RAF1	1	0.00293255131964809	0.293255131964809
DMWD	4	0.0117302052785924	1.17302052785924
GUCY2C	2	0.00586510263929619	0.586510263929619
IKBKB	2	0.00586510263929619	0.586510263929619
USP51	2	0.00586510263929619	0.586510263929619
INSR	1	0.00293255131964809	0.293255131964809
FAT2	8	0.0234604105571848	2.34604105571848
OOSP2	2	0.00586510263929619	0.586510263929619
ETV5	2	0.00586510263929619	0.586510263929619
FBXW7	1	0.00293255131964809	0.293255131964809
MAP10	6	0.0175953079178886	1.75953079178886
CCDC160	2	0.00586510263929619	0.586510263929619
POM121L12	2	0.00586510263929619	0.586510263929619
ZPR1	3	0.00879765395894428	0.879765395894428
C10ORF12	4	0.0117302052785924	1.17302052785924
MKRN2	2	0.00586510263929619	0.586510263929619
OR5M3	2	0.00586510263929619	0.586510263929619
NCOR2	5	0.0146627565982405	1.46627565982405
BTNL8	4	0.0117302052785924	1.17302052785924
RANBP17	3	0.00879765395894428	0.879765395894428
SERTAD1	2	0.00586510263929619	0.586510263929619
CXCL1	2	0.00586510263929619	0.586510263929619
SAXO1	3	0.00879765395894428	0.879765395894428
ZFPM2	3	0.00879765395894428	0.879765395894428
RAD21	3	0.00879765395894428	0.879765395894428
AXIN2	1	0.00293255131964809	0.293255131964809
OR3A2	2	0.00586510263929619	0.586510263929619
CYLC2	2	0.00586510263929619	0.586510263929619
OR10C1	2	0.00586510263929619	0.586510263929619
SF3B1	2	0.00586510263929619	0.586510263929619
SLC9A3	2	0.00586510263929619	0.586510263929619
GTF2F1	2	0.00586510263929619	0.586510263929619
TNFRSF13C	2	0.00586510263929619	0.586510263929619
PRDM1	2	0.00586510263929619	0.586510263929619
FAM83B	4	0.0117302052785924	1.17302052785924
PHB2	2	0.00586510263929619	0.586510263929619
HPD	2	0.00586510263929619	0.586510263929619
CPNE3	5	0.0146627565982405	1.46627565982405
VPS16	2	0.00586510263929619	0.586510263929619
MPO	2	0.00586510263929619	0.586510263929619
LRRK2	3	0.00879765395894428	0.879765395894428
ABCB4	5	0.0146627565982405	1.46627565982405
KRTAP10-12	2	0.00586510263929619	0.586510263929619
LGI1	2	0.00586510263929619	0.586510263929619
TGM5	2	0.00586510263929619	0.586510263929619
JUNB	2	0.00586510263929619	0.586510263929619
MIPEP	2	0.00586510263929619	0.586510263929619
PRSS50	4	0.0117302052785924	1.17302052785924
ASMTL	2	0.00586510263929619	0.586510263929619
CDH16	2	0.00586510263929619	0.586510263929619
MKI67	7	0.0205278592375367	2.05278592375367
EMG1	1	0.00293255131964809	0.293255131964809
NRROS	4	0.0117302052785924	1.17302052785924
FSCB	3	0.00879765395894428	0.879765395894428
PLEC	6	0.0175953079178886	1.75953079178886
DOT1L	1	0.00293255131964809	0.293255131964809
ASB17	2	0.00586510263929619	0.586510263929619
CEP162	2	0.00586510263929619	0.586510263929619
KLF4	1	0.00293255131964809	0.293255131964809
KCNG4	1	0.00293255131964809	0.293255131964809
AHNAK2	9	0.0263929618768328	2.63929618768328
MAX	3	0.00879765395894428	0.879765395894428
EWSR1	1	0.00293255131964809	0.293255131964809
AFP	2	0.00586510263929619	0.586510263929619
STYK1	3	0.00879765395894428	0.879765395894428
CALHM2	2	0.00586510263929619	0.586510263929619
IRS1	3	0.00879765395894428	0.879765395894428
OCA2	2	0.00586510263929619	0.586510263929619
APOBR	2	0.00586510263929619	0.586510263929619
NIPBL	6	0.0175953079178886	1.75953079178886
ZFPL1	2	0.00586510263929619	0.586510263929619
TFEB	1	0.00293255131964809	0.293255131964809
ZNF300	2	0.00586510263929619	0.586510263929619
LRRC56	1	0.00293255131964809	0.293255131964809
GHRHR	2	0.00586510263929619	0.586510263929619
G6PC	3	0.00879765395894428	0.879765395894428
TNFRSF14	1	0.00293255131964809	0.293255131964809
SDC4	1	0.00293255131964809	0.293255131964809
PTPRS	2	0.00586510263929619	0.586510263929619
RXFP2	2	0.00586510263929619	0.586510263929619
CPA2	3	0.00879765395894428	0.879765395894428
XRCC2	1	0.00293255131964809	0.293255131964809
MDC1	1	0.00293255131964809	0.293255131964809
PMEL	4	0.0117302052785924	1.17302052785924
ASCL4	1	0.00293255131964809	0.293255131964809
EP300	2	0.00586510263929619	0.586510263929619
EPHA10	5	0.0146627565982405	1.46627565982405
LIFR	2	0.00586510263929619	0.586510263929619
FGFR2	2	0.00586510263929619	0.586510263929619
CNTRL	3	0.00879765395894428	0.879765395894428
ZNF211	4	0.0117302052785924	1.17302052785924
NTRK2	1	0.00293255131964809	0.293255131964809
BARD1	2	0.00586510263929619	0.586510263929619
THSD7B	5	0.0146627565982405	1.46627565982405
TAS1R2	2	0.00586510263929619	0.586510263929619
ZMYM2	4	0.0117302052785924	1.17302052785924
BIN2	2	0.00586510263929619	0.586510263929619
GTSE1	1	0.00293255131964809	0.293255131964809
NXPH2	1	0.00293255131964809	0.293255131964809
HLA-C	3	0.00879765395894428	0.879765395894428
RBM12B	3	0.00879765395894428	0.879765395894428
ZNF645	4	0.0117302052785924	1.17302052785924
FEV	1	0.00293255131964809	0.293255131964809
RASA1	1	0.00293255131964809	0.293255131964809
OR8J3	2	0.00586510263929619	0.586510263929619
EFNB3	2	0.00586510263929619	0.586510263929619
MAP3K4	4	0.0117302052785924	1.17302052785924
BSG	3	0.00879765395894428	0.879765395894428
DUSP5	2	0.00586510263929619	0.586510263929619
RAD54B	5	0.0146627565982405	1.46627565982405
PCSK2	4	0.0117302052785924	1.17302052785924
SPEN	6	0.0175953079178886	1.75953079178886
PLBD2	1	0.00293255131964809	0.293255131964809
DND1	2	0.00586510263929619	0.586510263929619
OR7C2	2	0.00586510263929619	0.586510263929619
MUC6	8	0.0234604105571848	2.34604105571848
KEL	5	0.0146627565982405	1.46627565982405
FANCM	3	0.00879765395894428	0.879765395894428
TUBA3C	2	0.00586510263929619	0.586510263929619
LILRA3	2	0.00586510263929619	0.586510263929619
PABPC3	2	0.00586510263929619	0.586510263929619
SART1	3	0.00879765395894428	0.879765395894428
BAG2	1	0.00293255131964809	0.293255131964809
ZNF185	2	0.00586510263929619	0.586510263929619
CCDC6	1	0.00293255131964809	0.293255131964809
EIF4A1	2	0.00586510263929619	0.586510263929619
SSX1	1	0.00293255131964809	0.293255131964809
NCK1	1	0.00293255131964809	0.293255131964809
TUSC3	1	0.00293255131964809	0.293255131964809
PWWP2B	2	0.00586510263929619	0.586510263929619
AK9	1	0.00293255131964809	0.293255131964809
NCSTN	2	0.00586510263929619	0.586510263929619
SOCS2	1	0.00293255131964809	0.293255131964809
MIB1	1	0.00293255131964809	0.293255131964809
OR5A1	2	0.00586510263929619	0.586510263929619
ANO2	4	0.0117302052785924	1.17302052785924
CHEK2	3	0.00879765395894428	0.879765395894428
TRIM15	3	0.00879765395894428	0.879765395894428
KRT20	3	0.00879765395894428	0.879765395894428
FNBP1	1	0.00293255131964809	0.293255131964809
F13A1	2	0.00586510263929619	0.586510263929619
ZNF460	2	0.00586510263929619	0.586510263929619
RPS6KA4	2	0.00586510263929619	0.586510263929619
SLC26A5	1	0.00293255131964809	0.293255131964809
TYW1B	3	0.00879765395894428	0.879765395894428
AR	2	0.00586510263929619	0.586510263929619
PROKR1	2	0.00586510263929619	0.586510263929619
SLCO1B1	4	0.0117302052785924	1.17302052785924
SPATA31D1	5	0.0146627565982405	1.46627565982405
NEK8	2	0.00586510263929619	0.586510263929619
LRRTM2	2	0.00586510263929619	0.586510263929619
RYR2	9	0.0263929618768328	2.63929618768328
IRS4	3	0.00879765395894428	0.879765395894428
PRMT5	5	0.0146627565982405	1.46627565982405
SOX4	2	0.00586510263929619	0.586510263929619
HEPH	6	0.0175953079178886	1.75953079178886
ACPP	2	0.00586510263929619	0.586510263929619
ZNF107	5	0.0146627565982405	1.46627565982405
S100A7	1	0.00293255131964809	0.293255131964809
C8A	2	0.00586510263929619	0.586510263929619
CYP2C19	4	0.0117302052785924	1.17302052785924
SELE	3	0.00879765395894428	0.879765395894428
PBRM1	4	0.0117302052785924	1.17302052785924
ACTRT1	2	0.00586510263929619	0.586510263929619
HDAC7	1	0.00293255131964809	0.293255131964809
MYCN	1	0.00293255131964809	0.293255131964809
XRCC3	1	0.00293255131964809	0.293255131964809
XPC	1	0.00293255131964809	0.293255131964809
TRAF3	1	0.00293255131964809	0.293255131964809
PCDHB1	2	0.00586510263929619	0.586510263929619
MAGEE1	1	0.00293255131964809	0.293255131964809
LPA	3	0.00879765395894428	0.879765395894428
INPPL1	5	0.0146627565982405	1.46627565982405
DENND2D	4	0.0117302052785924	1.17302052785924
RPA1	2	0.00586510263929619	0.586510263929619
EPOR	1	0.00293255131964809	0.293255131964809
ANKRD2	2	0.00586510263929619	0.586510263929619
OVOL2	2	0.00586510263929619	0.586510263929619
MYOCD	5	0.0146627565982405	1.46627565982405
ETV6	1	0.00293255131964809	0.293255131964809
CREB1	2	0.00586510263929619	0.586510263929619
FOXO3	1	0.00293255131964809	0.293255131964809
BACH1	2	0.00586510263929619	0.586510263929619
ZPBP	2	0.00586510263929619	0.586510263929619
PREX1	4	0.0117302052785924	1.17302052785924
TPM3	2	0.00586510263929619	0.586510263929619
FGF6	1	0.00293255131964809	0.293255131964809
PAX8	2	0.00586510263929619	0.586510263929619
MAF	1	0.00293255131964809	0.293255131964809
GSPT2	2	0.00586510263929619	0.586510263929619
RP1	7	0.0205278592375367	2.05278592375367
BCR	1	0.00293255131964809	0.293255131964809
MITF	1	0.00293255131964809	0.293255131964809
PTEN	14	0.0410557184750733	4.10557184750733
CYLD	1	0.00293255131964809	0.293255131964809
BRCA1	2	0.00586510263929619	0.586510263929619
RELN	6	0.0175953079178886	1.75953079178886
PRB2	2	0.00586510263929619	0.586510263929619
FAM163A	2	0.00586510263929619	0.586510263929619
TUBB4B	2	0.00586510263929619	0.586510263929619
TMPRSS15	11	0.032258064516129	3.2258064516129
CREBBP	6	0.0175953079178886	1.75953079178886
MUC1	1	0.00293255131964809	0.293255131964809
PREX2	3	0.00879765395894428	0.879765395894428
CFHR4	2	0.00586510263929619	0.586510263929619
FAM47A	3	0.00879765395894428	0.879765395894428
PIGT	2	0.00586510263929619	0.586510263929619
CYB5D2	2	0.00586510263929619	0.586510263929619
PDGFRB	2	0.00586510263929619	0.586510263929619
OR1M1	2	0.00586510263929619	0.586510263929619
HIST1H4D	2	0.00586510263929619	0.586510263929619
FBXL13	2	0.00586510263929619	0.586510263929619
MRGPRX3	2	0.00586510263929619	0.586510263929619
SERPINH1	2	0.00586510263929619	0.586510263929619
KIAA1109	6	0.0175953079178886	1.75953079178886
GABRP	2	0.00586510263929619	0.586510263929619
GNA12	1	0.00293255131964809	0.293255131964809
LFNG	1	0.00293255131964809	0.293255131964809
TRIM54	3	0.00879765395894428	0.879765395894428
AGER	2	0.00586510263929619	0.586510263929619
NLRP6	2	0.00586510263929619	0.586510263929619
ZNF628	4	0.0117302052785924	1.17302052785924
CBL	3	0.00879765395894428	0.879765395894428
ARHGEF12	2	0.00586510263929619	0.586510263929619
TENM2	5	0.0146627565982405	1.46627565982405
SOX17	3	0.00879765395894428	0.879765395894428
IDH2	12	0.0351906158357771	3.51906158357771
GLI1	2	0.00586510263929619	0.586510263929619
TSC1	2	0.00586510263929619	0.586510263929619
TRAF7	1	0.00293255131964809	0.293255131964809
SMARCA1	2	0.00586510263929619	0.586510263929619
PRG4	3	0.00879765395894428	0.879765395894428
SRGAP3	1	0.00293255131964809	0.293255131964809
CKM	2	0.00586510263929619	0.586510263929619
SLC29A1	2	0.00586510263929619	0.586510263929619
LAYN	1	0.00293255131964809	0.293255131964809
INPP4A	2	0.00586510263929619	0.586510263929619
TTC27	2	0.00586510263929619	0.586510263929619
TET1	2	0.00586510263929619	0.586510263929619
SLC1A5	2	0.00586510263929619	0.586510263929619
DCAF12L1	2	0.00586510263929619	0.586510263929619
RPUSD1	2	0.00586510263929619	0.586510263929619
MATK	2	0.00586510263929619	0.586510263929619
M1AP	3	0.00879765395894428	0.879765395894428
MYO7B	6	0.0175953079178886	1.75953079178886
FGFR4	5	0.0146627565982405	1.46627565982405
MYH11	4	0.0117302052785924	1.17302052785924
HTRA1	2	0.00586510263929619	0.586510263929619
ERICH5	3	0.00879765395894428	0.879765395894428
MAGEE2	2	0.00586510263929619	0.586510263929619
HDAC2	3	0.00879765395894428	0.879765395894428
CELSR3	5	0.0146627565982405	1.46627565982405
HS3ST3A1	2	0.00586510263929619	0.586510263929619
RICTOR	1	0.00293255131964809	0.293255131964809
NUP133	4	0.0117302052785924	1.17302052785924
NLRP13	2	0.00586510263929619	0.586510263929619
RFX6	2	0.00586510263929619	0.586510263929619
STAG1	2	0.00586510263929619	0.586510263929619
EML4	2	0.00586510263929619	0.586510263929619
PRRX1	1	0.00293255131964809	0.293255131964809
CPA1	2	0.00586510263929619	0.586510263929619
PBDC1	2	0.00586510263929619	0.586510263929619
PRAMEF20	2	0.00586510263929619	0.586510263929619
TICAM1	1	0.00293255131964809	0.293255131964809
HGD	2	0.00586510263929619	0.586510263929619
NCOR1	4	0.0117302052785924	1.17302052785924
DSCAM	4	0.0117302052785924	1.17302052785924
ZFR2	2	0.00586510263929619	0.586510263929619
MN1	1	0.00293255131964809	0.293255131964809
DLGAP5	2	0.00586510263929619	0.586510263929619
CACNG3	3	0.00879765395894428	0.879765395894428
ACAN	4	0.0117302052785924	1.17302052785924
OR1C1	2	0.00586510263929619	0.586510263929619
TAF1	4	0.0117302052785924	1.17302052785924
KRT17	2	0.00586510263929619	0.586510263929619
ADNP	4	0.0117302052785924	1.17302052785924
SMAD2	1	0.00293255131964809	0.293255131964809
PRR21	1	0.00293255131964809	0.293255131964809
ABCG4	1	0.00293255131964809	0.293255131964809
RYR1	6	0.0175953079178886	1.75953079178886
NKX3-1	1	0.00293255131964809	0.293255131964809
TAAR8	3	0.00879765395894428	0.879765395894428
SEC24B	3	0.00879765395894428	0.879765395894428
MURC	4	0.0117302052785924	1.17302052785924
SPOP	2	0.00586510263929619	0.586510263929619
EGF	3	0.00879765395894428	0.879765395894428
OR10S1	1	0.00293255131964809	0.293255131964809
MDM2	1	0.00293255131964809	0.293255131964809
MUM1L1	2	0.00586510263929619	0.586510263929619
ALOX15	3	0.00879765395894428	0.879765395894428
CTLA4	2	0.00586510263929619	0.586510263929619
EPHX2	2	0.00586510263929619	0.586510263929619
NCOA2	2	0.00586510263929619	0.586510263929619
ATP7B	2	0.00586510263929619	0.586510263929619
SEMG2	2	0.00586510263929619	0.586510263929619
TRPC3	3	0.00879765395894428	0.879765395894428
TMEM256-PLSCR3	2	0.00586510263929619	0.586510263929619
MYO18A	5	0.0146627565982405	1.46627565982405
DAXX	1	0.00293255131964809	0.293255131964809
CLUH	4	0.0117302052785924	1.17302052785924
TGFBR2	1	0.00293255131964809	0.293255131964809
COQ10B	2	0.00586510263929619	0.586510263929619
PML	3	0.00879765395894428	0.879765395894428
MECOM	4	0.0117302052785924	1.17302052785924
SUFU	2	0.00586510263929619	0.586510263929619
WDR3	3	0.00879765395894428	0.879765395894428
KCNB2	4	0.0117302052785924	1.17302052785924
VIL1	3	0.00879765395894428	0.879765395894428
ARID1B	5	0.0146627565982405	1.46627565982405
ZCCHC12	4	0.0117302052785924	1.17302052785924
GMNC	4	0.0117302052785924	1.17302052785924
PRDM9	3	0.00879765395894428	0.879765395894428
SPATA4	1	0.00293255131964809	0.293255131964809
EPS15	1	0.00293255131964809	0.293255131964809
CYP2D6	3	0.00879765395894428	0.879765395894428
TRIM42	3	0.00879765395894428	0.879765395894428
CENPA	1	0.00293255131964809	0.293255131964809
DDX5	2	0.00586510263929619	0.586510263929619
FAM64A	2	0.00586510263929619	0.586510263929619
ALDH1B1	2	0.00586510263929619	0.586510263929619
HESX1	2	0.00586510263929619	0.586510263929619
CUL4A	1	0.00293255131964809	0.293255131964809
B4GALNT2	1	0.00293255131964809	0.293255131964809
CLTC	1	0.00293255131964809	0.293255131964809
POLQ	4	0.0117302052785924	1.17302052785924
BEND2	4	0.0117302052785924	1.17302052785924
ZNF676	2	0.00586510263929619	0.586510263929619
HIST1H2BK	1	0.00293255131964809	0.293255131964809
SIGLEC1	6	0.0175953079178886	1.75953079178886
ICE1	2	0.00586510263929619	0.586510263929619
GIPC3	2	0.00586510263929619	0.586510263929619
LILRA1	3	0.00879765395894428	0.879765395894428
RAD50	2	0.00586510263929619	0.586510263929619
STXBP5	5	0.0146627565982405	1.46627565982405
PCSK7	2	0.00586510263929619	0.586510263929619
LRFN5	3	0.00879765395894428	0.879765395894428
CFHR3	2	0.00586510263929619	0.586510263929619
APC	4	0.0117302052785924	1.17302052785924
A2ML1	4	0.0117302052785924	1.17302052785924
ATP4A	2	0.00586510263929619	0.586510263929619
AMER1	3	0.00879765395894428	0.879765395894428
KIT	1	0.00293255131964809	0.293255131964809
GNE	2	0.00586510263929619	0.586510263929619
GRIN2A	4	0.0117302052785924	1.17302052785924
OR5P3	1	0.00293255131964809	0.293255131964809
NELFE	1	0.00293255131964809	0.293255131964809
OR8B4	2	0.00586510263929619	0.586510263929619
EGFR	15	0.0439882697947214	4.39882697947214
HTR2B	2	0.00586510263929619	0.586510263929619
ZNF683	2	0.00586510263929619	0.586510263929619
BPGM	3	0.00879765395894428	0.879765395894428
HJURP	2	0.00586510263929619	0.586510263929619
TCEB3	3	0.00879765395894428	0.879765395894428
CFAP45	2	0.00586510263929619	0.586510263929619
KRAS	2	0.00586510263929619	0.586510263929619
ATP10A	3	0.00879765395894428	0.879765395894428
EID2B	2	0.00586510263929619	0.586510263929619
IL17F	2	0.00586510263929619	0.586510263929619
SLC35F3	2	0.00586510263929619	0.586510263929619
ERBB2	3	0.00879765395894428	0.879765395894428
PPARG	1	0.00293255131964809	0.293255131964809
RENBP	3	0.00879765395894428	0.879765395894428
KIAA1217	3	0.00879765395894428	0.879765395894428
SLC7A9	3	0.00879765395894428	0.879765395894428
AFF3	1	0.00293255131964809	0.293255131964809
ANKRD30A	5	0.0146627565982405	1.46627565982405
PAK7	1	0.00293255131964809	0.293255131964809
EPHA4	3	0.00879765395894428	0.879765395894428
LTN1	3	0.00879765395894428	0.879765395894428
MAGEB16	3	0.00879765395894428	0.879765395894428
IGF1R	3	0.00879765395894428	0.879765395894428
OR14A16	2	0.00586510263929619	0.586510263929619
COQ5	2	0.00586510263929619	0.586510263929619
PCDHB3	3	0.00879765395894428	0.879765395894428
PDS5B	1	0.00293255131964809	0.293255131964809
AMPD1	2	0.00586510263929619	0.586510263929619
PLXNA3	4	0.0117302052785924	1.17302052785924
PLCG2	3	0.00879765395894428	0.879765395894428
PAK1	1	0.00293255131964809	0.293255131964809
SLC39A12	2	0.00586510263929619	0.586510263929619
IGF2	1	0.00293255131964809	0.293255131964809
MYH15	4	0.0117302052785924	1.17302052785924
HDAC1	1	0.00293255131964809	0.293255131964809
POU1F1	2	0.00586510263929619	0.586510263929619
DDI1	2	0.00586510263929619	0.586510263929619
DEFB126	4	0.0117302052785924	1.17302052785924
RECQL4	1	0.00293255131964809	0.293255131964809
INHBA	1	0.00293255131964809	0.293255131964809
EPHA8	3	0.00879765395894428	0.879765395894428
AJUBA	1	0.00293255131964809	0.293255131964809
DIO3	2	0.00586510263929619	0.586510263929619
IL1RAPL2	3	0.00879765395894428	0.879765395894428
ARHGAP26	1	0.00293255131964809	0.293255131964809
ZACN	2	0.00586510263929619	0.586510263929619
KDM4C	2	0.00586510263929619	0.586510263929619
OR2M3	2	0.00586510263929619	0.586510263929619
CEACAM5	2	0.00586510263929619	0.586510263929619
PRAMEF1	2	0.00586510263929619	0.586510263929619
GAS2L2	4	0.0117302052785924	1.17302052785924
HDAC4	3	0.00879765395894428	0.879765395894428
ATF7IP2	3	0.00879765395894428	0.879765395894428
RHOH	1	0.00293255131964809	0.293255131964809
MROH2B	4	0.0117302052785924	1.17302052785924
OBSCN	13	0.0381231671554252	3.81231671554252
HS3ST6	2	0.00586510263929619	0.586510263929619
FCER1A	2	0.00586510263929619	0.586510263929619
NLRP3	3	0.00879765395894428	0.879765395894428
MYCL	1	0.00293255131964809	0.293255131964809
ORC1	2	0.00586510263929619	0.586510263929619
NEU2	2	0.00586510263929619	0.586510263929619
CCT8L2	4	0.0117302052785924	1.17302052785924
KMT2A	5	0.0146627565982405	1.46627565982405
ACHE	3	0.00879765395894428	0.879765395894428
TSHB	2	0.00586510263929619	0.586510263929619
ARC	3	0.00879765395894428	0.879765395894428
HLA-DQA2	2	0.00586510263929619	0.586510263929619
PRDM16	1	0.00293255131964809	0.293255131964809
ZMYM3	3	0.00879765395894428	0.879765395894428
ARID2	4	0.0117302052785924	1.17302052785924
TNFRSF11A	1	0.00293255131964809	0.293255131964809
RPL8	2	0.00586510263929619	0.586510263929619
SDHA	1	0.00293255131964809	0.293255131964809
KERA	3	0.00879765395894428	0.879765395894428
MORC1	2	0.00586510263929619	0.586510263929619
GRIA1	3	0.00879765395894428	0.879765395894428
FLT1	2	0.00586510263929619	0.586510263929619
RAP1GDS1	2	0.00586510263929619	0.586510263929619
EMSY	3	0.00879765395894428	0.879765395894428
ARID1A	16	0.0469208211143695	4.69208211143695
SLC7A4	2	0.00586510263929619	0.586510263929619
CSF2RA	3	0.00879765395894428	0.879765395894428
OGT	5	0.0146627565982405	1.46627565982405
HADHA	2	0.00586510263929619	0.586510263929619
CCNE1	1	0.00293255131964809	0.293255131964809
NCOA4	1	0.00293255131964809	0.293255131964809
ODF3L2	2	0.00586510263929619	0.586510263929619
OR52B6	3	0.00879765395894428	0.879765395894428
NME1-NME2	1	0.00293255131964809	0.293255131964809
KDR	5	0.0146627565982405	1.46627565982405
MED12	9	0.0263929618768328	2.63929618768328
TIMELESS	4	0.0117302052785924	1.17302052785924
CD248	2	0.00586510263929619	0.586510263929619
FAM189A2	3	0.00879765395894428	0.879765395894428
KLF6	1	0.00293255131964809	0.293255131964809
ROM1	2	0.00586510263929619	0.586510263929619
SEZ6L2	2	0.00586510263929619	0.586510263929619
PRKDC	5	0.0146627565982405	1.46627565982405
LRRC46	1	0.00293255131964809	0.293255131964809
FLT4	3	0.00879765395894428	0.879765395894428
CREB3	3	0.00879765395894428	0.879765395894428
EPPK1	7	0.0205278592375367	2.05278592375367
PIK3C3	1	0.00293255131964809	0.293255131964809
IKBKE	3	0.00879765395894428	0.879765395894428
VAV1	3	0.00879765395894428	0.879765395894428
AFF4	1	0.00293255131964809	0.293255131964809
OR5B3	3	0.00879765395894428	0.879765395894428
BIRC7	2	0.00586510263929619	0.586510263929619
ZNF425	2	0.00586510263929619	0.586510263929619
TREML2	2	0.00586510263929619	0.586510263929619
NEGR1	3	0.00879765395894428	0.879765395894428
LRIG3	1	0.00293255131964809	0.293255131964809
OR5M11	2	0.00586510263929619	0.586510263929619
RAD52	3	0.00879765395894428	0.879765395894428
MSH6	2	0.00586510263929619	0.586510263929619
CSF1R	1	0.00293255131964809	0.293255131964809
HTRA3	2	0.00586510263929619	0.586510263929619
DTX1	3	0.00879765395894428	0.879765395894428
FGFBP2	2	0.00586510263929619	0.586510263929619
GNAS	2	0.00586510263929619	0.586510263929619
C9ORF172	1	0.00293255131964809	0.293255131964809
ARSI	3	0.00879765395894428	0.879765395894428
SLC5A8	2	0.00586510263929619	0.586510263929619
ATAD3C	1	0.00293255131964809	0.293255131964809
FGF12	3	0.00879765395894428	0.879765395894428
PTK2	2	0.00586510263929619	0.586510263929619
OR6C70	3	0.00879765395894428	0.879765395894428
PTPRD	4	0.0117302052785924	1.17302052785924
SYT16	1	0.00293255131964809	0.293255131964809
TNFAIP6	1	0.00293255131964809	0.293255131964809
CD3EAP	3	0.00879765395894428	0.879765395894428
NUP188	5	0.0146627565982405	1.46627565982405
P2RY12	3	0.00879765395894428	0.879765395894428
NCOA3	3	0.00879765395894428	0.879765395894428
NTRK1	1	0.00293255131964809	0.293255131964809
EPHB3	3	0.00879765395894428	0.879765395894428
FANCF	2	0.00586510263929619	0.586510263929619
MAGEL2	1	0.00293255131964809	0.293255131964809
GPHN	1	0.00293255131964809	0.293255131964809
NFKB2	1	0.00293255131964809	0.293255131964809
LCA5L	3	0.00879765395894428	0.879765395894428
KRTAP13-1	2	0.00586510263929619	0.586510263929619
MAP3K1	5	0.0146627565982405	1.46627565982405
RALGDS	2	0.00586510263929619	0.586510263929619
IKZF1	1	0.00293255131964809	0.293255131964809
YTHDF2	3	0.00879765395894428	0.879765395894428
HOXA1	2	0.00586510263929619	0.586510263929619
RIPK4	5	0.0146627565982405	1.46627565982405
HNF1A	1	0.00293255131964809	0.293255131964809
TGFB1	2	0.00586510263929619	0.586510263929619
RNF43	3	0.00879765395894428	0.879765395894428
EPHB2	1	0.00293255131964809	0.293255131964809
EEFSEC	2	0.00586510263929619	0.586510263929619
FAM149A	3	0.00879765395894428	0.879765395894428
TCF12	9	0.0263929618768328	2.63929618768328
SPZ1	2	0.00586510263929619	0.586510263929619
C10ORF120	2	0.00586510263929619	0.586510263929619
COL11A1	4	0.0117302052785924	1.17302052785924
MAP2K1	2	0.00586510263929619	0.586510263929619
ADGRA2	3	0.00879765395894428	0.879765395894428
ACADS	2	0.00586510263929619	0.586510263929619
CBLL1	3	0.00879765395894428	0.879765395894428
ADGRE3	5	0.0146627565982405	1.46627565982405
PPP2R1A	2	0.00586510263929619	0.586510263929619
KDM2B	2	0.00586510263929619	0.586510263929619
PLA2G4A	7	0.0205278592375367	2.05278592375367
AKT2	1	0.00293255131964809	0.293255131964809
NPY	2	0.00586510263929619	0.586510263929619
EPHA3	4	0.0117302052785924	1.17302052785924
WAS	1	0.00293255131964809	0.293255131964809
RNGTT	3	0.00879765395894428	0.879765395894428
SLC28A2	1	0.00293255131964809	0.293255131964809
OR52I2	2	0.00586510263929619	0.586510263929619
GPC3	2	0.00586510263929619	0.586510263929619
PRLHR	2	0.00586510263929619	0.586510263929619
SLC29A4	2	0.00586510263929619	0.586510263929619
NRAP	3	0.00879765395894428	0.879765395894428
ROR2	2	0.00586510263929619	0.586510263929619
PPP6C	2	0.00586510263929619	0.586510263929619
JAZF1	1	0.00293255131964809	0.293255131964809
ZNF492	2	0.00586510263929619	0.586510263929619
LMOD2	2	0.00586510263929619	0.586510263929619
C19ORF48	1	0.00293255131964809	0.293255131964809
KRT15	2	0.00586510263929619	0.586510263929619
KCNJ2	2	0.00586510263929619	0.586510263929619
USP11	3	0.00879765395894428	0.879765395894428
CD1E	2	0.00586510263929619	0.586510263929619
TPSD1	2	0.00586510263929619	0.586510263929619
FRK	3	0.00879765395894428	0.879765395894428
KDM6A	1	0.00293255131964809	0.293255131964809
MALL	1	0.00293255131964809	0.293255131964809
TRIM60	2	0.00586510263929619	0.586510263929619
TMPRSS11F	3	0.00879765395894428	0.879765395894428
ABCB1	4	0.0117302052785924	1.17302052785924
RPL5	1	0.00293255131964809	0.293255131964809
NF1	20	0.0586510263929619	5.86510263929619
MCTP2	5	0.0146627565982405	1.46627565982405
ZNF41	4	0.0117302052785924	1.17302052785924
ESR1	2	0.00586510263929619	0.586510263929619
NDN	2	0.00586510263929619	0.586510263929619
EXPH5	5	0.0146627565982405	1.46627565982405
CTNNB1	2	0.00586510263929619	0.586510263929619
POTED	2	0.00586510263929619	0.586510263929619
CABS1	2	0.00586510263929619	0.586510263929619
TMPRSS6	2	0.00586510263929619	0.586510263929619
DNAH5	6	0.0175953079178886	1.75953079178886
OR5D18	2	0.00586510263929619	0.586510263929619
NMBR	2	0.00586510263929619	0.586510263929619
NUP210L	3	0.00879765395894428	0.879765395894428
SULT1A2	2	0.00586510263929619	0.586510263929619
BLM	1	0.00293255131964809	0.293255131964809
SERPINA11	2	0.00586510263929619	0.586510263929619
BIRC2	1	0.00293255131964809	0.293255131964809
IDH1	282	0.826979472140763	82.6979472140763
ABCB11	1	0.00293255131964809	0.293255131964809
OR2M7	5	0.0146627565982405	1.46627565982405
SDCCAG3	2	0.00586510263929619	0.586510263929619
FANCD2	4	0.0117302052785924	1.17302052785924
RUNX1T1	3	0.00879765395894428	0.879765395894428
PNMA3	2	0.00586510263929619	0.586510263929619
ELL	1	0.00293255131964809	0.293255131964809
CTSV	3	0.00879765395894428	0.879765395894428
KRT73	2	0.00586510263929619	0.586510263929619
NUP214	3	0.00879765395894428	0.879765395894428
SLC9A5	3	0.00879765395894428	0.879765395894428
YWHAE	1	0.00293255131964809	0.293255131964809
COL28A1	4	0.0117302052785924	1.17302052785924
PC	2	0.00586510263929619	0.586510263929619
NCKAP1L	3	0.00879765395894428	0.879765395894428
SYCP1	3	0.00879765395894428	0.879765395894428
CYP2S1	2	0.00586510263929619	0.586510263929619
GPRC5D	2	0.00586510263929619	0.586510263929619
ZNF90	2	0.00586510263929619	0.586510263929619
GIP	2	0.00586510263929619	0.586510263929619
FLG	17	0.0498533724340176	4.98533724340176
ABL2	1	0.00293255131964809	0.293255131964809
MFSD7	2	0.00586510263929619	0.586510263929619
ERCC4	1	0.00293255131964809	0.293255131964809
SS18	1	0.00293255131964809	0.293255131964809
RARS2	2	0.00586510263929619	0.586510263929619
CDAN1	3	0.00879765395894428	0.879765395894428
XIAP	2	0.00586510263929619	0.586510263929619
NLRP2	3	0.00879765395894428	0.879765395894428
PLPP7	2	0.00586510263929619	0.586510263929619
CHD2	2	0.00586510263929619	0.586510263929619
DDR2	1	0.00293255131964809	0.293255131964809
MYH8	6	0.0175953079178886	1.75953079178886
ADAM7	2	0.00586510263929619	0.586510263929619
NUP93	2	0.00586510263929619	0.586510263929619
MAGEB2	2	0.00586510263929619	0.586510263929619
PRKAR1A	2	0.00586510263929619	0.586510263929619
DPY19L2	3	0.00879765395894428	0.879765395894428
MLH1	3	0.00879765395894428	0.879765395894428
KIF5B	1	0.00293255131964809	0.293255131964809
MYH4	6	0.0175953079178886	1.75953079178886
MET	5	0.0146627565982405	1.46627565982405
OR5C1	2	0.00586510263929619	0.586510263929619
CIDEC	1	0.00293255131964809	0.293255131964809
MYF5	2	0.00586510263929619	0.586510263929619
CATSPERD	2	0.00586510263929619	0.586510263929619
ZNF521	3	0.00879765395894428	0.879765395894428
ANXA1	2	0.00586510263929619	0.586510263929619
HTRA4	2	0.00586510263929619	0.586510263929619
CCR4	2	0.00586510263929619	0.586510263929619
TUBA3D	2	0.00586510263929619	0.586510263929619
RGAG4	2	0.00586510263929619	0.586510263929619
CACNA1S	3	0.00879765395894428	0.879765395894428
CHD4	3	0.00879765395894428	0.879765395894428
COMP	2	0.00586510263929619	0.586510263929619
NLRP14	2	0.00586510263929619	0.586510263929619
JAK3	1	0.00293255131964809	0.293255131964809
CDC73	1	0.00293255131964809	0.293255131964809
MAP4K4	2	0.00586510263929619	0.586510263929619
KMT2C	9	0.0263929618768328	2.63929618768328
OR5AS1	2	0.00586510263929619	0.586510263929619
ITGAL	4	0.0117302052785924	1.17302052785924
ASPSCR1	2	0.00586510263929619	0.586510263929619
C2	2	0.00586510263929619	0.586510263929619
CANT1	2	0.00586510263929619	0.586510263929619
RB1	4	0.0117302052785924	1.17302052785924
RPL21	5	0.0146627565982405	1.46627565982405
ZNF281	2	0.00586510263929619	0.586510263929619
CD300LB	2	0.00586510263929619	0.586510263929619
TBL1XR1	2	0.00586510263929619	0.586510263929619
SSC4D	3	0.00879765395894428	0.879765395894428
NPAP1	6	0.0175953079178886	1.75953079178886
FUS	1	0.00293255131964809	0.293255131964809
TUFM	2	0.00586510263929619	0.586510263929619
ZNF750	1	0.00293255131964809	0.293255131964809
DES	2	0.00586510263929619	0.586510263929619
MAP3K7	1	0.00293255131964809	0.293255131964809
ADARB2	2	0.00586510263929619	0.586510263929619
TCF7L2	2	0.00586510263929619	0.586510263929619
APOB	15	0.0439882697947214	4.39882697947214
CASC5	3	0.00879765395894428	0.879765395894428
CPNE7	2	0.00586510263929619	0.586510263929619
PPP1R21	3	0.00879765395894428	0.879765395894428
PADI4	2	0.00586510263929619	0.586510263929619
CBFA2T3	1	0.00293255131964809	0.293255131964809
NAGS	3	0.00879765395894428	0.879765395894428
TOPAZ1	2	0.00586510263929619	0.586510263929619
INTS4	2	0.00586510263929619	0.586510263929619
ENPEP	4	0.0117302052785924	1.17302052785924
SGK1	2	0.00586510263929619	0.586510263929619
ENPP3	2	0.00586510263929619	0.586510263929619
BRAF	4	0.0117302052785924	1.17302052785924
SLC9C1	2	0.00586510263929619	0.586510263929619
ZNF679	2	0.00586510263929619	0.586510263929619
SLC9A4	4	0.0117302052785924	1.17302052785924
GRIN2D	2	0.00586510263929619	0.586510263929619
NAGLU	2	0.00586510263929619	0.586510263929619
DNMT1	4	0.0117302052785924	1.17302052785924
C5ORF34	2	0.00586510263929619	0.586510263929619
SLC6A3	5	0.0146627565982405	1.46627565982405
ALKBH3	2	0.00586510263929619	0.586510263929619
SERPINF1	2	0.00586510263929619	0.586510263929619
TP63	4	0.0117302052785924	1.17302052785924
MST1R	1	0.00293255131964809	0.293255131964809
CHRM5	2	0.00586510263929619	0.586510263929619
AFF2	6	0.0175953079178886	1.75953079178886
RBPJ	4	0.0117302052785924	1.17302052785924
G6PD	2	0.00586510263929619	0.586510263929619
TRRAP	8	0.0234604105571848	2.34604105571848
CDH1	1	0.00293255131964809	0.293255131964809
ERBB3	2	0.00586510263929619	0.586510263929619
TFE3	2	0.00586510263929619	0.586510263929619
ITIH6	5	0.0146627565982405	1.46627565982405
PPP2R5D	2	0.00586510263929619	0.586510263929619
CAPN11	2	0.00586510263929619	0.586510263929619
GZMA	2	0.00586510263929619	0.586510263929619
GLI3	2	0.00586510263929619	0.586510263929619
DPEP3	2	0.00586510263929619	0.586510263929619
CDKN2A	7	0.0205278592375367	2.05278592375367
ELP2	1	0.00293255131964809	0.293255131964809
DCHS2	8	0.0234604105571848	2.34604105571848
SBDS	1	0.00293255131964809	0.293255131964809
CFTR	7	0.0205278592375367	2.05278592375367
RAD51	2	0.00586510263929619	0.586510263929619
OR4X1	2	0.00586510263929619	0.586510263929619
PRDM13	2	0.00586510263929619	0.586510263929619
FNDC9	2	0.00586510263929619	0.586510263929619
SMARCD1	1	0.00293255131964809	0.293255131964809
TSHR	3	0.00879765395894428	0.879765395894428
TBC1D9	3	0.00879765395894428	0.879765395894428
LRP2	7	0.0205278592375367	2.05278592375367
THEG	3	0.00879765395894428	0.879765395894428
CREB3L2	1	0.00293255131964809	0.293255131964809
BCL11A	2	0.00586510263929619	0.586510263929619
STAG2	4	0.0117302052785924	1.17302052785924
KDM5C	3	0.00879765395894428	0.879765395894428
FOXA2	1	0.00293255131964809	0.293255131964809
HTR3A	3	0.00879765395894428	0.879765395894428
LINC01599	2	0.00586510263929619	0.586510263929619
RS1	2	0.00586510263929619	0.586510263929619
GOLGA5	1	0.00293255131964809	0.293255131964809
MTA2	2	0.00586510263929619	0.586510263929619
SNED1	3	0.00879765395894428	0.879765395894428
NKX2-2	2	0.00586510263929619	0.586510263929619
VCPKMT	2	0.00586510263929619	0.586510263929619
OR13C8	2	0.00586510263929619	0.586510263929619
HSD3B1	2	0.00586510263929619	0.586510263929619
JARID2	2	0.00586510263929619	0.586510263929619
TNFRSF12A	1	0.00293255131964809	0.293255131964809
ITGAD	3	0.00879765395894428	0.879765395894428
SLC30A2	2	0.00586510263929619	0.586510263929619
LAMB4	3	0.00879765395894428	0.879765395894428
SYNE1	8	0.0234604105571848	2.34604105571848
ACTR1B	2	0.00586510263929619	0.586510263929619
RAD54L	1	0.00293255131964809	0.293255131964809
LRRC43	2	0.00586510263929619	0.586510263929619
MEF2B	2	0.00586510263929619	0.586510263929619
D2HGDH	1	0.00293255131964809	0.293255131964809
CYP1A2	2	0.00586510263929619	0.586510263929619
MGAT4C	3	0.00879765395894428	0.879765395894428
CD58	1	0.00293255131964809	0.293255131964809
KRT37	2	0.00586510263929619	0.586510263929619
FPGS	2	0.00586510263929619	0.586510263929619
PATZ1	1	0.00293255131964809	0.293255131964809
TRIP11	1	0.00293255131964809	0.293255131964809
USP9X	5	0.0146627565982405	1.46627565982405
IL11	2	0.00586510263929619	0.586510263929619
USP6	1	0.00293255131964809	0.293255131964809
CPS1	4	0.0117302052785924	1.17302052785924
CCDC185	2	0.00586510263929619	0.586510263929619
PRB4	2	0.00586510263929619	0.586510263929619
ALOX12B	2	0.00586510263929619	0.586510263929619
ATRX	168	0.49266862170088	49.266862170088
NEFH	1	0.00293255131964809	0.293255131964809
ACVR2A	3	0.00879765395894428	0.879765395894428
ZBTB20	10	0.0293255131964809	2.93255131964809
NCOA1	2	0.00586510263929619	0.586510263929619
TIGD5	2	0.00586510263929619	0.586510263929619
CIITA	2	0.00586510263929619	0.586510263929619
FCGR2B	1	0.00293255131964809	0.293255131964809
PRF1	1	0.00293255131964809	0.293255131964809
BCL11B	6	0.0175953079178886	1.75953079178886
GUCY2F	2	0.00586510263929619	0.586510263929619
NF2	1	0.00293255131964809	0.293255131964809
EXTL1	2	0.00586510263929619	0.586510263929619
MYH1	4	0.0117302052785924	1.17302052785924
B3GNT3	3	0.00879765395894428	0.879765395894428
ORMDL2	2	0.00586510263929619	0.586510263929619
TAF1L	6	0.0175953079178886	1.75953079178886
PMS2	1	0.00293255131964809	0.293255131964809
ATG5	3	0.00879765395894428	0.879765395894428
FAT4	6	0.0175953079178886	1.75953079178886
IL18	2	0.00586510263929619	0.586510263929619
VSIG4	3	0.00879765395894428	0.879765395894428
CHST12	2	0.00586510263929619	0.586510263929619
RIMBP2	3	0.00879765395894428	0.879765395894428
SETBP1	3	0.00879765395894428	0.879765395894428
ESCO1	1	0.00293255131964809	0.293255131964809
BTNL2	2	0.00586510263929619	0.586510263929619
MED27	1	0.00293255131964809	0.293255131964809
PGGT1B	3	0.00879765395894428	0.879765395894428
SAMD15	2	0.00586510263929619	0.586510263929619
TAS2R30	3	0.00879765395894428	0.879765395894428
KCNK16	2	0.00586510263929619	0.586510263929619
GRXCR1	2	0.00586510263929619	0.586510263929619
GPR149	2	0.00586510263929619	0.586510263929619
NLRP9	3	0.00879765395894428	0.879765395894428
FARS2	2	0.00586510263929619	0.586510263929619
WNT2B	3	0.00879765395894428	0.879765395894428
AKR1D1	5	0.0146627565982405	1.46627565982405
HSPA5	3	0.00879765395894428	0.879765395894428
CRBN	1	0.00293255131964809	0.293255131964809
ARHGAP35	2	0.00586510263929619	0.586510263929619
FIP1L1	3	0.00879765395894428	0.879765395894428
HKDC1	2	0.00586510263929619	0.586510263929619
MYOM1	4	0.0117302052785924	1.17302052785924
EDAR	3	0.00879765395894428	0.879765395894428
CDH12	3	0.00879765395894428	0.879765395894428
MLLT6	1	0.00293255131964809	0.293255131964809
MLLT1	1	0.00293255131964809	0.293255131964809
CHRNA1	2	0.00586510263929619	0.586510263929619
ADGRG7	3	0.00879765395894428	0.879765395894428
CCDC91	6	0.0175953079178886	1.75953079178886
NONO	1	0.00293255131964809	0.293255131964809
CDHR3	7	0.0205278592375367	2.05278592375367
TFRC	2	0.00586510263929619	0.586510263929619
AKAP9	6	0.0175953079178886	1.75953079178886
PRX	3	0.00879765395894428	0.879765395894428
LILRA2	3	0.00879765395894428	0.879765395894428
F2	4	0.0117302052785924	1.17302052785924
WBSCR17	3	0.00879765395894428	0.879765395894428
ACR	2	0.00586510263929619	0.586510263929619
ATRN	3	0.00879765395894428	0.879765395894428
LCK	3	0.00879765395894428	0.879765395894428
TPTE2	2	0.00586510263929619	0.586510263929619
OR4C16	2	0.00586510263929619	0.586510263929619
RGN	2	0.00586510263929619	0.586510263929619
PDCD11	2	0.00586510263929619	0.586510263929619
EFEMP2	3	0.00879765395894428	0.879765395894428
TET2	5	0.0146627565982405	1.46627565982405
OR4N2	3	0.00879765395894428	0.879765395894428
MAGEC2	2	0.00586510263929619	0.586510263929619
IL1RL2	5	0.0146627565982405	1.46627565982405
SGK223	4	0.0117302052785924	1.17302052785924
SMAD3	1	0.00293255131964809	0.293255131964809
DNAH12	1	0.00293255131964809	0.293255131964809
SHKBP1	2	0.00586510263929619	0.586510263929619
APOBEC4	2	0.00586510263929619	0.586510263929619
TRPA1	3	0.00879765395894428	0.879765395894428
PSPH	2	0.00586510263929619	0.586510263929619
ATN1	2	0.00586510263929619	0.586510263929619
CITED2	2	0.00586510263929619	0.586510263929619
ZFHX3	4	0.0117302052785924	1.17302052785924
TNFRSF4	2	0.00586510263929619	0.586510263929619
RPTOR	2	0.00586510263929619	0.586510263929619
ACSL6	2	0.00586510263929619	0.586510263929619
PLCL2	2	0.00586510263929619	0.586510263929619
MTOR	3	0.00879765395894428	0.879765395894428
KLHL28	2	0.00586510263929619	0.586510263929619
ZNF570	2	0.00586510263929619	0.586510263929619
PRSS48	4	0.0117302052785924	1.17302052785924
BRE	2	0.00586510263929619	0.586510263929619
INPP5D	1	0.00293255131964809	0.293255131964809
OR2B3	2	0.00586510263929619	0.586510263929619
CTNNAL1	3	0.00879765395894428	0.879765395894428
SIN3A	2	0.00586510263929619	0.586510263929619
PPT1	1	0.00293255131964809	0.293255131964809
GADD45B	1	0.00293255131964809	0.293255131964809
UPK3BL	2	0.00586510263929619	0.586510263929619
ATIC	1	0.00293255131964809	0.293255131964809
RPL13	1	0.00293255131964809	0.293255131964809
OR10AG1	5	0.0146627565982405	1.46627565982405
LRP1B	7	0.0205278592375367	2.05278592375367
MPPED1	3	0.00879765395894428	0.879765395894428
PHOX2B	1	0.00293255131964809	0.293255131964809
ZNF691	2	0.00586510263929619	0.586510263929619
TSHZ3	3	0.00879765395894428	0.879765395894428
C9ORF152	1	0.00293255131964809	0.293255131964809
HCCS	2	0.00586510263929619	0.586510263929619
PGR	3	0.00879765395894428	0.879765395894428
CAMTA1	3	0.00879765395894428	0.879765395894428
TPP2	3	0.00879765395894428	0.879765395894428
CCND1	1	0.00293255131964809	0.293255131964809
KMT2D	9	0.0263929618768328	2.63929618768328
BFSP2	2	0.00586510263929619	0.586510263929619
CDC7	2	0.00586510263929619	0.586510263929619
TPTE	5	0.0146627565982405	1.46627565982405
PCLO	12	0.0351906158357771	3.51906158357771
CD1B	2	0.00586510263929619	0.586510263929619
CD209	2	0.00586510263929619	0.586510263929619
BRCA2	3	0.00879765395894428	0.879765395894428
THRAP3	1	0.00293255131964809	0.293255131964809
STAT5B	1	0.00293255131964809	0.293255131964809
NR1I3	2	0.00586510263929619	0.586510263929619
GNA11	1	0.00293255131964809	0.293255131964809
RIT1	1	0.00293255131964809	0.293255131964809
CRTAP	4	0.0117302052785924	1.17302052785924
GATA5	2	0.00586510263929619	0.586510263929619
NFKB1	1	0.00293255131964809	0.293255131964809
FAT3	4	0.0117302052785924	1.17302052785924
CDH4	3	0.00879765395894428	0.879765395894428
SPAG11B	2	0.00586510263929619	0.586510263929619
SI	4	0.0117302052785924	1.17302052785924
RHOA	1	0.00293255131964809	0.293255131964809
RBM14	3	0.00879765395894428	0.879765395894428
CBX1	2	0.00586510263929619	0.586510263929619
SLC4A3	3	0.00879765395894428	0.879765395894428
EIF4A2	1	0.00293255131964809	0.293255131964809
GDPD2	3	0.00879765395894428	0.879765395894428
GABRA1	2	0.00586510263929619	0.586510263929619
NR1H2	1	0.00293255131964809	0.293255131964809
SLC22A25	4	0.0117302052785924	1.17302052785924
TET3	1	0.00293255131964809	0.293255131964809
VHL	1	0.00293255131964809	0.293255131964809
PRR23B	2	0.00586510263929619	0.586510263929619
FANCE	2	0.00586510263929619	0.586510263929619
GBP3	3	0.00879765395894428	0.879765395894428
RAD51C	1	0.00293255131964809	0.293255131964809
DDX3X	2	0.00586510263929619	0.586510263929619
SLC38A8	4	0.0117302052785924	1.17302052785924
FAM71B	2	0.00586510263929619	0.586510263929619
GRM3	1	0.00293255131964809	0.293255131964809
NOTCH4	5	0.0146627565982405	1.46627565982405
CXCR2	3	0.00879765395894428	0.879765395894428
HLA-B	6	0.0175953079178886	1.75953079178886
MYH9	2	0.00586510263929619	0.586510263929619
NUTM1	2	0.00586510263929619	0.586510263929619
RBM10	1	0.00293255131964809	0.293255131964809
ARID5B	2	0.00586510263929619	0.586510263929619
RNF32	2	0.00586510263929619	0.586510263929619
LAMB1	5	0.0146627565982405	1.46627565982405
CXCR4	1	0.00293255131964809	0.293255131964809
UCK1	2	0.00586510263929619	0.586510263929619
ZNF91	3	0.00879765395894428	0.879765395894428
ZNF438	2	0.00586510263929619	0.586510263929619
LAMB3	3	0.00879765395894428	0.879765395894428
BCORL1	3	0.00879765395894428	0.879765395894428
RNF167	2	0.00586510263929619	0.586510263929619
WISP3	1	0.00293255131964809	0.293255131964809
PLS3	3	0.00879765395894428	0.879765395894428
WRN	1	0.00293255131964809	0.293255131964809
ARHGAP9	3	0.00879765395894428	0.879765395894428
DOK2	2	0.00586510263929619	0.586510263929619
FAM46C	1	0.00293255131964809	0.293255131964809
HOXB13	1	0.00293255131964809	0.293255131964809
TPR	6	0.0175953079178886	1.75953079178886
H3F3A	2	0.00586510263929619	0.586510263929619
LTK	3	0.00879765395894428	0.879765395894428
SNX29	2	0.00586510263929619	0.586510263929619
LRRC4B	2	0.00586510263929619	0.586510263929619
KIAA1549	1	0.00293255131964809	0.293255131964809
SNAPC4	3	0.00879765395894428	0.879765395894428
ZKSCAN4	4	0.0117302052785924	1.17302052785924
FAT1	10	0.0293255131964809	2.93255131964809
MAP3K13	1	0.00293255131964809	0.293255131964809
TLL2	2	0.00586510263929619	0.586510263929619
ACSF2	5	0.0146627565982405	1.46627565982405
OR5H2	2	0.00586510263929619	0.586510263929619
GATA6	2	0.00586510263929619	0.586510263929619
QRFPR	2	0.00586510263929619	0.586510263929619
MRPL39	2	0.00586510263929619	0.586510263929619
KRT12	6	0.0175953079178886	1.75953079178886
C2ORF44	1	0.00293255131964809	0.293255131964809
CDC42EP1	2	0.00586510263929619	0.586510263929619
AAMP	1	0.00293255131964809	0.293255131964809
CDKAL1	3	0.00879765395894428	0.879765395894428
CHD1	1	0.00293255131964809	0.293255131964809
MYH2	7	0.0205278592375367	2.05278592375367
GRPR	3	0.00879765395894428	0.879765395894428
WDR34	2	0.00586510263929619	0.586510263929619
NT5C2	2	0.00586510263929619	0.586510263929619
CCT8	2	0.00586510263929619	0.586510263929619
MSLN	2	0.00586510263929619	0.586510263929619
MLLT4	2	0.00586510263929619	0.586510263929619
TRIM52	5	0.0146627565982405	1.46627565982405
OR4C3	2	0.00586510263929619	0.586510263929619
PTPRT	1	0.00293255131964809	0.293255131964809
TBK1	2	0.00586510263929619	0.586510263929619
ZNF24	1	0.00293255131964809	0.293255131964809
MAP3K6	2	0.00586510263929619	0.586510263929619
PUM3	3	0.00879765395894428	0.879765395894428
TAS2R43	2	0.00586510263929619	0.586510263929619
POF1B	3	0.00879765395894428	0.879765395894428
TRPV2	2	0.00586510263929619	0.586510263929619
GPAA1	2	0.00586510263929619	0.586510263929619
LPO	3	0.00879765395894428	0.879765395894428
HGF	3	0.00879765395894428	0.879765395894428
LGALS12	2	0.00586510263929619	0.586510263929619
LGSN	3	0.00879765395894428	0.879765395894428
NUP210	4	0.0117302052785924	1.17302052785924
PRSS21	2	0.00586510263929619	0.586510263929619
CAPN12	4	0.0117302052785924	1.17302052785924
TRPV5	3	0.00879765395894428	0.879765395894428
GMIP	2	0.00586510263929619	0.586510263929619
GDF2	2	0.00586510263929619	0.586510263929619
NES	3	0.00879765395894428	0.879765395894428
FAM69B	2	0.00586510263929619	0.586510263929619
VDAC3	2	0.00586510263929619	0.586510263929619
AADACL2	3	0.00879765395894428	0.879765395894428
NLGN3	2	0.00586510263929619	0.586510263929619
HOOK3	3	0.00879765395894428	0.879765395894428
TRMT13	2	0.00586510263929619	0.586510263929619
HLA-A	3	0.00879765395894428	0.879765395894428
AIM2	4	0.0117302052785924	1.17302052785924
WNK1	2	0.00586510263929619	0.586510263929619
ERCC6L	2	0.00586510263929619	0.586510263929619
PRRT2	2	0.00586510263929619	0.586510263929619
SSTR4	3	0.00879765395894428	0.879765395894428
ITIH4	2	0.00586510263929619	0.586510263929619
DRD5	2	0.00586510263929619	0.586510263929619
LPP	2	0.00586510263929619	0.586510263929619
RGAG1	5	0.0146627565982405	1.46627565982405
BRD4	4	0.0117302052785924	1.17302052785924
HEPACAM2	3	0.00879765395894428	0.879765395894428
MTCP1	1	0.00293255131964809	0.293255131964809
TLX3	1	0.00293255131964809	0.293255131964809
MAST3	3	0.00879765395894428	0.879765395894428
PSAP	2	0.00586510263929619	0.586510263929619
NT5C	2	0.00586510263929619	0.586510263929619
CUX1	1	0.00293255131964809	0.293255131964809
CPNE9	2	0.00586510263929619	0.586510263929619
TSC2	2	0.00586510263929619	0.586510263929619
CD36	1	0.00293255131964809	0.293255131964809
TAS2R40	2	0.00586510263929619	0.586510263929619
OR9G1	3	0.00879765395894428	0.879765395894428
CLTCL1	2	0.00586510263929619	0.586510263929619
IL7R	1	0.00293255131964809	0.293255131964809
GID4	2	0.00586510263929619	0.586510263929619
NUP98	2	0.00586510263929619	0.586510263929619
SCYL3	2	0.00586510263929619	0.586510263929619
PTPN13	4	0.0117302052785924	1.17302052785924
EMILIN2	3	0.00879765395894428	0.879765395894428
FOXQ1	2	0.00586510263929619	0.586510263929619
STAT6	1	0.00293255131964809	0.293255131964809
SMARCA4	23	0.0674486803519062	6.74486803519062
TAS2R1	2	0.00586510263929619	0.586510263929619
IFNGR1	1	0.00293255131964809	0.293255131964809
HSP90AB1	2	0.00586510263929619	0.586510263929619
FER1L6	4	0.0117302052785924	1.17302052785924
FAF1	1	0.00293255131964809	0.293255131964809
COL22A1	5	0.0146627565982405	1.46627565982405
PARP3	1	0.00293255131964809	0.293255131964809
TRIM58	3	0.00879765395894428	0.879765395894428
EPC2	3	0.00879765395894428	0.879765395894428
SPATA31E1	4	0.0117302052785924	1.17302052785924
CRIPAK	4	0.0117302052785924	1.17302052785924
POGLUT1	2	0.00586510263929619	0.586510263929619
SLCO4C1	3	0.00879765395894428	0.879765395894428
TMEM132E	2	0.00586510263929619	0.586510263929619
SLC22A9	1	0.00293255131964809	0.293255131964809
STAT5A	4	0.0117302052785924	1.17302052785924
EZR	1	0.00293255131964809	0.293255131964809
E2F3	1	0.00293255131964809	0.293255131964809
ANKRD22	3	0.00879765395894428	0.879765395894428
TP53	201	0.589442815249267	58.9442815249267
RTP5	2	0.00586510263929619	0.586510263929619
UBQLNL	3	0.00879765395894428	0.879765395894428
PTPRH	3	0.00879765395894428	0.879765395894428
NLRP4	2	0.00586510263929619	0.586510263929619
DYTN	7	0.0205278592375367	2.05278592375367
OTOF	5	0.0146627565982405	1.46627565982405
NOTCH2	11	0.032258064516129	3.2258064516129
KCNU1	2	0.00586510263929619	0.586510263929619
UHRF1BP1L	2	0.00586510263929619	0.586510263929619
KRT6C	2	0.00586510263929619	0.586510263929619
DPH2	2	0.00586510263929619	0.586510263929619
TRMT12	2	0.00586510263929619	0.586510263929619
CDKN2C	1	0.00293255131964809	0.293255131964809
NOTCH1	33	0.0967741935483871	9.67741935483871
KMT2B	5	0.0146627565982405	1.46627565982405
PPP1R35	2	0.00586510263929619	0.586510263929619
TMEM214	4	0.0117302052785924	1.17302052785924
WFDC12	3	0.00879765395894428	0.879765395894428
U2AF2	2	0.00586510263929619	0.586510263929619
TEX11	7	0.0205278592375367	2.05278592375367
HPS6	2	0.00586510263929619	0.586510263929619
GK2	3	0.00879765395894428	0.879765395894428
GABRA6	3	0.00879765395894428	0.879765395894428
ANKRD11	6	0.0175953079178886	1.75953079178886
CDX2	1	0.00293255131964809	0.293255131964809
MARS	5	0.0146627565982405	1.46627565982405
CALR3	2	0.00586510263929619	0.586510263929619
SH2B3	1	0.00293255131964809	0.293255131964809
CLEC14A	2	0.00586510263929619	0.586510263929619
ZNF331	2	0.00586510263929619	0.586510263929619
TMEM74	2	0.00586510263929619	0.586510263929619
CIC	56	0.164222873900293	16.4222873900293
DEK	1	0.00293255131964809	0.293255131964809
PEX6	3	0.00879765395894428	0.879765395894428
PSMB1	2	0.00586510263929619	0.586510263929619
DLX5	3	0.00879765395894428	0.879765395894428
MYO3A	5	0.0146627565982405	1.46627565982405
BCL6	1	0.00293255131964809	0.293255131964809
SLC26A3	5	0.0146627565982405	1.46627565982405
SNX7	2	0.00586510263929619	0.586510263929619
GPRC6A	5	0.0146627565982405	1.46627565982405
GGT7	3	0.00879765395894428	0.879765395894428
FGF3	1	0.00293255131964809	0.293255131964809
GATA3	1	0.00293255131964809	0.293255131964809
SKP2	1	0.00293255131964809	0.293255131964809
HIST1H2AC	1	0.00293255131964809	0.293255131964809
PDGFB	1	0.00293255131964809	0.293255131964809
FSCN3	2	0.00586510263929619	0.586510263929619
CD70	1	0.00293255131964809	0.293255131964809
WDR90	1	0.00293255131964809	0.293255131964809
HOXB2	2	0.00586510263929619	0.586510263929619
SLITRK6	2	0.00586510263929619	0.586510263929619
AGL	3	0.00879765395894428	0.879765395894428
PSKH2	4	0.0117302052785924	1.17302052785924
DCHS1	5	0.0146627565982405	1.46627565982405
OGFR	6	0.0175953079178886	1.75953079178886
ANKRA2	2	0.00586510263929619	0.586510263929619
SUSD3	2	0.00586510263929619	0.586510263929619
IRF2BPL	2	0.00586510263929619	0.586510263929619
ZNF217	5	0.0146627565982405	1.46627565982405
SPINK5	2	0.00586510263929619	0.586510263929619
FANCL	1	0.00293255131964809	0.293255131964809
OLFML2B	2	0.00586510263929619	0.586510263929619
TEAD3	4	0.0117302052785924	1.17302052785924
BCOR	10	0.0293255131964809	2.93255131964809
DIS3	2	0.00586510263929619	0.586510263929619
CDH11	1	0.00293255131964809	0.293255131964809
CLDN9	1	0.00293255131964809	0.293255131964809
FGFR3	1	0.00293255131964809	0.293255131964809
ERG	3	0.00879765395894428	0.879765395894428
MAP2K4	1	0.00293255131964809	0.293255131964809
ZBTB45	4	0.0117302052785924	1.17302052785924
NFKBIA	2	0.00586510263929619	0.586510263929619
HOXC12	5	0.0146627565982405	1.46627565982405
VGF	2	0.00586510263929619	0.586510263929619
CARD11	4	0.0117302052785924	1.17302052785924
SMARCB1	2	0.00586510263929619	0.586510263929619
SOWAHC	4	0.0117302052785924	1.17302052785924
AXL	2	0.00586510263929619	0.586510263929619
C3	6	0.0175953079178886	1.75953079178886
CTCF	1	0.00293255131964809	0.293255131964809
ZNF280D	5	0.0146627565982405	1.46627565982405
CCNA1	5	0.0146627565982405	1.46627565982405
MSN	1	0.00293255131964809	0.293255131964809
ADGRF4	2	0.00586510263929619	0.586510263929619
DCAF12L2	3	0.00879765395894428	0.879765395894428
POMGNT2	2	0.00586510263929619	0.586510263929619
